# Migration is number of nodes that have changed color.

Round		Edge-Cut		Swaps		Migrations		Skipped
0		8181		3807		3032
1		6946		6610		3148
2		6151		8720		3179
3		5503		10448		3197
4		4981		11857		3241
5		4620		13038		3227
6		4362		14007		3203
7		4136		14861		3216
8		3990		15590		3205
9		3762		16220		3219
10		3675		16813		3238
11		3572		17387		3244
12		3410		17906		3256
13		3343		18397		3256
14		3236		18870		3257
15		3124		19279		3271
16		3078		19579		3242
17		3038		19936		3255
18		2976		20307		3232
19		2930		20622		3242
20		2898		20889		3262
21		2861		21205		3271
22		2787		21473		3262
23		2769		21740		3256
24		2715		21985		3263
25		2686		22220		3276
26		2643		22461		3271
27		2613		22702		3286
28		2582		22889		3289
29		2547		23136		3280
30		2499		23322		3286
31		2500		23492		3287
32		2472		23681		3280
33		2441		23837		3285
34		2436		23982		3265
35		2420		24132		3272
36		2375		24289		3282
37		2362		24436		3270
38		2347		24554		3272
39		2353		24646		3272
40		2332		24767		3285
41		2313		24872		3281
42		2310		24961		3287
43		2298		25073		3271
44		2299		25151		3271
45		2294		25237		3276
46		2297		25314		3266
47		2283		25402		3272
48		2265		25498		3271
49		2272		25598		3276
50		2244		25692		3294
51		2240		25773		3293
52		2237		25864		3297
53		2229		25959		3299
54		2220		26044		3297
55		2211		26143		3304
56		2196		26240		3302
57		2186		26308		3302
58		2177		26399		3296
59		2168		26481		3290
60		2163		26567		3298
61		2148		26641		3291
62		2146		26701		3290
63		2147		26791		3293
64		2150		26880		3292
65		2143		26955		3303
66		2147		27032		3292
67		2142		27088		3295
68		2125		27166		3300
69		2132		27253		3307
70		2125		27320		3305
71		2116		27373		3308
72		2127		27447		3307
73		2112		27533		3309
74		2102		27605		3305
75		2094		27677		3304
76		2091		27761		3307
77		2087		27818		3307
78		2071		27883		3301
79		2081		27959		3304
80		2054		28033		3303
81		2052		28087		3305
82		2057		28146		3305
83		2047		28215		3304
84		2052		28272		3293
85		2050		28335		3296
86		2053		28401		3304
87		2056		28469		3302
88		2042		28540		3310
89		2027		28589		3317
90		2030		28633		3305
91		2014		28698		3312
92		2012		28762		3307
93		2014		28838		3315
94		2007		28912		3308
95		1994		28978		3315
96		2004		29038		3311
97		1999		29098		3312
98		1996		29147		3311
99		1993		29198		3304
100		1984		29266		3305
101		1984		29318		3303
102		1974		29357		3304
103		1967		29403		3301
104		1963		29446		3305
105		1959		29494		3302
106		1963		29555		3301
107		1959		29587		3300
108		1953		29623		3297
109		1943		29649		3301
110		1946		29679		3296
111		1944		29706		3295
112		1950		29730		3297
113		1944		29765		3299
114		1940		29795		3293
115		1933		29841		3296
116		1935		29862		3294
117		1937		29889		3291
118		1932		29908		3293
119		1933		29938		3300
120		1923		29960		3302
121		1923		29972		3303
122		1923		29989		3304
123		1923		30004		3305
124		1921		30024		3301
125		1920		30041		3304
126		1917		30057		3306
127		1917		30070		3305
128		1919		30099		3305
129		1922		30112		3301
130		1924		30128		3305
131		1920		30147		3302
132		1922		30175		3301
133		1920		30195		3302
134		1923		30225		3302
135		1924		30262		3305
136		1928		30308		3304
137		1927		30338		3305
138		1923		30365		3303
139		1921		30391		3301
140		1918		30415		3299
141		1915		30445		3307
142		1905		30485		3303
143		1906		30508		3302
144		1901		30526		3303
145		1896		30547		3305
146		1899		30563		3307
147		1900		30581		3307
148		1892		30612		3305
149		1893		30637		3304
150		1890		30655		3301
151		1893		30680		3302
152		1893		30696		3303
153		1886		30724		3307
154		1885		30745		3307
155		1887		30769		3309
156		1886		30787		3309
157		1886		30818		3302
158		1880		30842		3304
159		1878		30867		3298
160		1874		30908		3305
161		1877		30927		3305
162		1873		30941		3306
163		1870		30954		3305
164		1870		30975		3301
165		1874		30989		3307
166		1865		31005		3303
167		1863		31021		3305
168		1860		31029		3306
169		1861		31042		3306
170		1867		31061		3307
171		1865		31086		3303
172		1867		31102		3300
173		1869		31121		3305
174		1859		31143		3302
175		1858		31168		3298
176		1851		31188		3300
177		1845		31200		3300
178		1846		31212		3303
179		1844		31235		3305
180		1852		31252		3306
181		1846		31268		3302
182		1845		31276		3305
183		1844		31288		3306
184		1845		31297		3306
185		1842		31303		3306
186		1846		31312		3304
187		1847		31323		3306
188		1848		31333		3309
189		1847		31354		3303
190		1845		31372		3307
191		1839		31386		3307
192		1842		31413		3310
193		1843		31425		3309
194		1840		31437		3309
195		1842		31464		3306
196		1840		31479		3305
197		1840		31488		3308
198		1836		31495		3306
199		1834		31515		3306
200		1834		31529		3302
201		1830		31540		3303
202		1828		31564		3302
203		1830		31576		3303
204		1828		31582		3307
205		1829		31600		3303
206		1830		31612		3304
207		1831		31624		3301
208		1833		31634		3301
209		1836		31646		3302
210		1836		31661		3301
211		1831		31679		3303
212		1824		31702		3302
213		1818		31707		3306
214		1816		31711		3304
215		1815		31720		3305
216		1819		31733		3306
217		1820		31749		3301
218		1818		31770		3304
219		1812		31777		3306
220		1812		31784		3305
221		1812		31789		3306
222		1815		31797		3305
223		1816		31802		3307
224		1812		31805		3305
225		1811		31808		3305
226		1809		31813		3304
227		1811		31818		3305
228		1809		31824		3303
229		1808		31830		3303
230		1810		31838		3303
231		1811		31844		3302
232		1810		31847		3302
233		1810		31852		3305
234		1810		31856		3305
235		1810		31860		3305
236		1809		31863		3305
237		1810		31868		3305
238		1813		31874		3305
239		1814		31882		3305
240		1811		31898		3303
241		1811		31903		3308
242		1812		31917		3304
243		1815		31927		3304
244		1804		31945		3304
245		1803		31954		3307
246		1804		31961		3306
247		1804		31967		3304
248		1807		31975		3307
249		1804		31983		3306
250		1804		31988		3305
251		1805		31997		3306
252		1803		32004		3304
253		1803		32005		3304
254		1800		32009		3305
255		1801		32015		3305
256		1802		32016		3304
257		1804		32018		3304
258		1801		32023		3305
259		1801		32027		3303
260		1799		32031		3305
261		1797		32034		3306
262		1798		32039		3303
263		1798		32043		3305
264		1797		32045		3303
265		1797		32046		3305
266		1797		32048		3305
267		1796		32050		3305
268		1796		32050		3305
269		1796		32052		3305
270		1796		32054		3305
271		1797		32055		3303
272		1797		32057		3303
273		1797		32059		3303
274		1797		32060		3305
275		1795		32063		3304
276		1795		32063		3304
277		1795		32063		3304
278		1795		32063		3304
279		1795		32063		3304
280		1794		32065		3305
281		1793		32068		3305
282		1794		32069		3305
283		1795		32070		3306
284		1795		32072		3306
285		1796		32073		3305
286		1796		32074		3304
287		1796		32076		3304
288		1796		32078		3304
289		1798		32086		3304
290		1792		32087		3304
291		1792		32087		3304
292		1794		32089		3305
293		1794		32090		3304
294		1793		32092		3304
295		1793		32094		3303
296		1793		32094		3303
297		1791		32097		3304
298		1791		32097		3304
299		1791		32097		3304
300		1791		32097		3304
301		1791		32097		3304
302		1791		32097		3304
303		1791		32097		3304
304		1791		32097		3304
305		1791		32097		3304
306		1791		32097		3304
307		1791		32097		3304
308		1791		32097		3304
309		1791		32097		3304
310		1791		32097		3304
311		1791		32097		3304
312		1791		32097		3304
313		1791		32097		3304
314		1791		32097		3304
315		1791		32097		3304
316		1791		32097		3304
317		1791		32097		3304
318		1791		32097		3304
319		1791		32097		3304
320		1791		32097		3304
321		1791		32097		3304
322		1791		32097		3304
323		1791		32097		3304
324		1791		32097		3304
325		1791		32097		3304
326		1791		32097		3304
327		1791		32097		3304
328		1791		32097		3304
329		1791		32097		3304
330		1791		32097		3304
331		1791		32097		3304
332		1791		32097		3304
333		1791		32097		3304
334		1791		32097		3304
335		1791		32097		3304
336		1791		32097		3304
337		1791		32097		3304
338		1791		32097		3304
339		1791		32097		3304
340		1791		32097		3304
341		1791		32097		3304
342		1791		32097		3304
343		1791		32097		3304
344		1791		32097		3304
345		1791		32097		3304
346		1791		32097		3304
347		1791		32097		3304
348		1791		32097		3304
349		1791		32097		3304
350		1791		32097		3304
351		1791		32097		3304
352		1791		32097		3304
353		1791		32097		3304
354		1791		32097		3304
355		1791		32097		3304
356		1791		32097		3304
357		1791		32097		3304
358		1791		32097		3304
359		1791		32097		3304
360		1791		32097		3304
361		1791		32097		3304
362		1791		32097		3304
363		1791		32097		3304
364		1791		32097		3304
365		1791		32097		3304
366		1791		32097		3304
367		1791		32097		3304
368		1791		32097		3304
369		1791		32097		3304
370		1791		32097		3304
371		1791		32097		3304
372		1791		32097		3304
373		1791		32097		3304
374		1791		32097		3304
375		1791		32097		3304
376		1791		32097		3304
377		1791		32097		3304
378		1791		32097		3304
379		1791		32097		3304
380		1791		32097		3304
381		1791		32097		3304
382		1791		32097		3304
383		1791		32097		3304
384		1791		32097		3304
385		1791		32097		3304
386		1791		32097		3304
387		1791		32097		3304
388		1791		32097		3304
389		1791		32097		3304
390		1791		32097		3304
391		1791		32097		3304
392		1791		32097		3304
393		1791		32097		3304
394		1791		32097		3304
395		1791		32097		3304
396		1791		32097		3304
397		1791		32097		3304
398		1791		32097		3304
399		1791		32097		3304
400		1791		32097		3304
401		1791		32097		3304
402		1791		32097		3304
403		1791		32097		3304
404		1791		32097		3304
405		1791		32097		3304
406		1791		32097		3304
407		1791		32097		3304
408		1791		32097		3304
409		1791		32097		3304
410		1791		32097		3304
411		1791		32097		3304
412		1791		32097		3304
413		1791		32097		3304
414		1791		32097		3304
415		1791		32097		3304
416		1791		32097		3304
417		1791		32097		3304
418		1791		32097		3304
419		1791		32097		3304
420		1791		32097		3304
421		1791		32097		3304
422		1791		32097		3304
423		1791		32097		3304
424		1791		32097		3304
425		1791		32097		3304
426		1791		32097		3304
427		1791		32097		3304
428		1791		32097		3304
429		1791		32097		3304
430		1791		32097		3304
431		1791		32097		3304
432		1791		32097		3304
433		1791		32097		3304
434		1791		32097		3304
435		1791		32097		3304
436		1791		32097		3304
437		1791		32097		3304
438		1791		32097		3304
439		1791		32097		3304
440		1791		32097		3304
441		1791		32097		3304
442		1791		32097		3304
443		1791		32097		3304
444		1791		32097		3304
445		1791		32097		3304
446		1791		32097		3304
447		1791		32097		3304
448		1791		32097		3304
449		1791		32097		3304
450		1791		32097		3304
451		1791		32097		3304
452		1791		32097		3304
453		1791		32097		3304
454		1791		32097		3304
455		1791		32097		3304
456		1791		32097		3304
457		1791		32097		3304
458		1791		32097		3304
459		1791		32097		3304
460		1791		32097		3304
461		1791		32097		3304
462		1791		32097		3304
463		1791		32097		3304
464		1791		32097		3304
465		1791		32097		3304
466		1791		32097		3304
467		1791		32097		3304
468		1791		32097		3304
469		1791		32097		3304
470		1791		32097		3304
471		1791		32097		3304
472		1791		32097		3304
473		1791		32097		3304
474		1791		32097		3304
475		1791		32097		3304
476		1791		32097		3304
477		1791		32097		3304
478		1791		32097		3304
479		1791		32097		3304
480		1791		32097		3304
481		1791		32097		3304
482		1791		32097		3304
483		1791		32097		3304
484		1791		32097		3304
485		1791		32097		3304
486		1791		32097		3304
487		1791		32097		3304
488		1791		32097		3304
489		1791		32097		3304
490		1791		32097		3304
491		1791		32097		3304
492		1791		32097		3304
493		1791		32097		3304
494		1791		32097		3304
495		1791		32097		3304
496		1791		32097		3304
497		1791		32097		3304
498		1791		32097		3304
499		1791		32097		3304
500		1791		32097		3304
501		1791		32097		3304
502		1791		32097		3304
503		1791		32097		3304
504		1791		32097		3304
505		1791		32097		3304
506		1791		32097		3304
507		1791		32097		3304
508		1791		32097		3304
509		1791		32097		3304
510		1791		32097		3304
511		1791		32097		3304
512		1791		32097		3304
513		1791		32097		3304
514		1791		32097		3304
515		1791		32097		3304
516		1791		32097		3304
517		1791		32097		3304
518		1791		32097		3304
519		1791		32097		3304
520		1791		32097		3304
521		1791		32097		3304
522		1791		32097		3304
523		1791		32097		3304
524		1791		32097		3304
525		1791		32097		3304
526		1791		32097		3304
527		1791		32097		3304
528		1791		32097		3304
529		1791		32097		3304
530		1791		32097		3304
531		1791		32097		3304
532		1791		32097		3304
533		1791		32097		3304
534		1791		32097		3304
535		1791		32097		3304
536		1791		32097		3304
537		1791		32097		3304
538		1791		32097		3304
539		1791		32097		3304
540		1791		32097		3304
541		1791		32097		3304
542		1791		32097		3304
543		1791		32097		3304
544		1791		32097		3304
545		1791		32097		3304
546		1791		32097		3304
547		1791		32097		3304
548		1791		32097		3304
549		1791		32097		3304
550		1791		32097		3304
551		1791		32097		3304
552		1791		32097		3304
553		1791		32097		3304
554		1791		32097		3304
555		1791		32097		3304
556		1791		32097		3304
557		1791		32097		3304
558		1791		32097		3304
559		1791		32097		3304
560		1791		32097		3304
561		1791		32097		3304
562		1791		32097		3304
563		1791		32097		3304
564		1791		32097		3304
565		1791		32097		3304
566		1791		32097		3304
567		1791		32097		3304
568		1791		32097		3304
569		1791		32097		3304
570		1791		32097		3304
571		1791		32097		3304
572		1791		32097		3304
573		1791		32097		3304
574		1791		32097		3304
575		1791		32097		3304
576		1791		32097		3304
577		1791		32097		3304
578		1791		32097		3304
579		1791		32097		3304
580		1791		32097		3304
581		1791		32097		3304
582		1791		32097		3304
583		1791		32097		3304
584		1791		32097		3304
585		1791		32097		3304
586		1791		32097		3304
587		1791		32097		3304
588		1791		32097		3304
589		1791		32097		3304
590		1791		32097		3304
591		1791		32097		3304
592		1791		32097		3304
593		1791		32097		3304
594		1791		32097		3304
595		1791		32097		3304
596		1791		32097		3304
597		1791		32097		3304
598		1791		32097		3304
599		1791		32097		3304
600		1791		32097		3304
601		1791		32097		3304
602		1791		32097		3304
603		1791		32097		3304
604		1791		32097		3304
605		1791		32097		3304
606		1791		32097		3304
607		1791		32097		3304
608		1791		32097		3304
609		1791		32097		3304
610		1791		32097		3304
611		1791		32097		3304
612		1791		32097		3304
613		1791		32097		3304
614		1791		32097		3304
615		1791		32097		3304
616		1791		32097		3304
617		1791		32097		3304
618		1791		32097		3304
619		1791		32097		3304
620		1791		32097		3304
621		1791		32097		3304
622		1791		32097		3304
623		1791		32097		3304
624		1791		32097		3304
625		1791		32097		3304
626		1791		32097		3304
627		1791		32097		3304
628		1791		32097		3304
629		1791		32097		3304
630		1791		32097		3304
631		1791		32097		3304
632		1791		32097		3304
633		1791		32097		3304
634		1791		32097		3304
635		1791		32097		3304
636		1791		32097		3304
637		1791		32097		3304
638		1791		32097		3304
639		1791		32097		3304
640		1791		32097		3304
641		1791		32097		3304
642		1791		32097		3304
643		1791		32097		3304
644		1791		32097		3304
645		1791		32097		3304
646		1791		32097		3304
647		1791		32097		3304
648		1791		32097		3304
649		1791		32097		3304
650		1791		32097		3304
651		1791		32097		3304
652		1791		32097		3304
653		1791		32097		3304
654		1791		32097		3304
655		1791		32097		3304
656		1791		32097		3304
657		1791		32097		3304
658		1791		32097		3304
659		1791		32097		3304
660		1791		32097		3304
661		1791		32097		3304
662		1791		32097		3304
663		1791		32097		3304
664		1791		32097		3304
665		1791		32097		3304
666		1791		32097		3304
667		1791		32097		3304
668		1791		32097		3304
669		1791		32097		3304
670		1791		32097		3304
671		1791		32097		3304
672		1791		32097		3304
673		1791		32097		3304
674		1791		32097		3304
675		1791		32097		3304
676		1791		32097		3304
677		1791		32097		3304
678		1791		32097		3304
679		1791		32097		3304
680		1791		32097		3304
681		1791		32097		3304
682		1791		32097		3304
683		1791		32097		3304
684		1791		32097		3304
685		1791		32097		3304
686		1791		32097		3304
687		1791		32097		3304
688		1791		32097		3304
689		1791		32097		3304
690		1791		32097		3304
691		1791		32097		3304
692		1791		32097		3304
693		1791		32097		3304
694		1791		32097		3304
695		1791		32097		3304
696		1791		32097		3304
697		1791		32097		3304
698		1791		32097		3304
699		1791		32097		3304
700		1791		32097		3304
701		1791		32097		3304
702		1791		32097		3304
703		1791		32097		3304
704		1791		32097		3304
705		1791		32097		3304
706		1791		32097		3304
707		1791		32097		3304
708		1791		32097		3304
709		1791		32097		3304
710		1791		32097		3304
711		1791		32097		3304
712		1791		32097		3304
713		1791		32097		3304
714		1791		32097		3304
715		1791		32097		3304
716		1791		32097		3304
717		1791		32097		3304
718		1791		32097		3304
719		1791		32097		3304
720		1791		32097		3304
721		1791		32097		3304
722		1791		32097		3304
723		1791		32097		3304
724		1791		32097		3304
725		1791		32097		3304
726		1791		32097		3304
727		1791		32097		3304
728		1791		32097		3304
729		1791		32097		3304
730		1791		32097		3304
731		1791		32097		3304
732		1791		32097		3304
733		1791		32097		3304
734		1791		32097		3304
735		1791		32097		3304
736		1791		32097		3304
737		1791		32097		3304
738		1791		32097		3304
739		1791		32097		3304
740		1791		32097		3304
741		1791		32097		3304
742		1791		32097		3304
743		1791		32097		3304
744		1791		32097		3304
745		1791		32097		3304
746		1791		32097		3304
747		1791		32097		3304
748		1791		32097		3304
749		1791		32097		3304
750		1791		32097		3304
751		1791		32097		3304
752		1791		32097		3304
753		1791		32097		3304
754		1791		32097		3304
755		1791		32097		3304
756		1791		32097		3304
757		1791		32097		3304
758		1791		32097		3304
759		1791		32097		3304
760		1791		32097		3304
761		1791		32097		3304
762		1791		32097		3304
763		1791		32097		3304
764		1791		32097		3304
765		1791		32097		3304
766		1791		32097		3304
767		1791		32097		3304
768		1791		32097		3304
769		1791		32097		3304
770		1791		32097		3304
771		1791		32097		3304
772		1791		32097		3304
773		1791		32097		3304
774		1791		32097		3304
775		1791		32097		3304
776		1791		32097		3304
777		1791		32097		3304
778		1791		32097		3304
779		1791		32097		3304
780		1791		32097		3304
781		1791		32097		3304
782		1791		32097		3304
783		1791		32097		3304
784		1791		32097		3304
785		1791		32097		3304
786		1791		32097		3304
787		1791		32097		3304
788		1791		32097		3304
789		1791		32097		3304
790		1791		32097		3304
791		1791		32097		3304
792		1791		32097		3304
793		1791		32097		3304
794		1791		32097		3304
795		1791		32097		3304
796		1791		32097		3304
797		1791		32097		3304
798		1791		32097		3304
799		1791		32097		3304
800		1791		32097		3304
801		1791		32097		3304
802		1791		32097		3304
803		1791		32097		3304
804		1791		32097		3304
805		1791		32097		3304
806		1791		32097		3304
807		1791		32097		3304
808		1791		32097		3304
809		1791		32097		3304
810		1791		32097		3304
811		1791		32097		3304
812		1791		32097		3304
813		1791		32097		3304
814		1791		32097		3304
815		1791		32097		3304
816		1791		32097		3304
817		1791		32097		3304
818		1791		32097		3304
819		1791		32097		3304
820		1791		32097		3304
821		1791		32097		3304
822		1791		32097		3304
823		1791		32097		3304
824		1791		32097		3304
825		1791		32097		3304
826		1791		32097		3304
827		1791		32097		3304
828		1791		32097		3304
829		1791		32097		3304
830		1791		32097		3304
831		1791		32097		3304
832		1791		32097		3304
833		1791		32097		3304
834		1791		32097		3304
835		1791		32097		3304
836		1791		32097		3304
837		1791		32097		3304
838		1791		32097		3304
839		1791		32097		3304
840		1791		32097		3304
841		1791		32097		3304
842		1791		32097		3304
843		1791		32097		3304
844		1791		32097		3304
845		1791		32097		3304
846		1791		32097		3304
847		1791		32097		3304
848		1791		32097		3304
849		1791		32097		3304
850		1791		32097		3304
851		1791		32097		3304
852		1791		32097		3304
853		1791		32097		3304
854		1791		32097		3304
855		1791		32097		3304
856		1791		32097		3304
857		1791		32097		3304
858		1791		32097		3304
859		1791		32097		3304
860		1791		32097		3304
861		1791		32097		3304
862		1791		32097		3304
863		1791		32097		3304
864		1791		32097		3304
865		1791		32097		3304
866		1791		32097		3304
867		1791		32097		3304
868		1791		32097		3304
869		1791		32097		3304
870		1791		32097		3304
871		1791		32097		3304
872		1791		32097		3304
873		1791		32097		3304
874		1791		32097		3304
875		1791		32097		3304
876		1791		32097		3304
877		1791		32097		3304
878		1791		32097		3304
879		1791		32097		3304
880		1791		32097		3304
881		1791		32097		3304
882		1791		32097		3304
883		1791		32097		3304
884		1791		32097		3304
885		1791		32097		3304
886		1791		32097		3304
887		1791		32097		3304
888		1791		32097		3304
889		1791		32097		3304
890		1791		32097		3304
891		1791		32097		3304
892		1791		32097		3304
893		1791		32097		3304
894		1791		32097		3304
895		1791		32097		3304
896		1791		32097		3304
897		1791		32097		3304
898		1791		32097		3304
899		1791		32097		3304
900		1791		32097		3304
901		1791		32097		3304
902		1791		32097		3304
903		1791		32097		3304
904		1791		32097		3304
905		1791		32097		3304
906		1791		32097		3304
907		1791		32097		3304
908		1791		32097		3304
909		1791		32097		3304
910		1791		32097		3304
911		1791		32097		3304
912		1791		32097		3304
913		1791		32097		3304
914		1791		32097		3304
915		1791		32097		3304
916		1791		32097		3304
917		1791		32097		3304
918		1791		32097		3304
919		1791		32097		3304
920		1791		32097		3304
921		1791		32097		3304
922		1791		32097		3304
923		1791		32097		3304
924		1791		32097		3304
925		1791		32097		3304
926		1791		32097		3304
927		1791		32097		3304
928		1791		32097		3304
929		1791		32097		3304
930		1791		32097		3304
931		1791		32097		3304
932		1791		32097		3304
933		1791		32097		3304
934		1791		32097		3304
935		1791		32097		3304
936		1791		32097		3304
937		1791		32097		3304
938		1791		32097		3304
939		1791		32097		3304
940		1791		32097		3304
941		1791		32097		3304
942		1791		32097		3304
943		1791		32097		3304
944		1791		32097		3304
945		1791		32097		3304
946		1791		32097		3304
947		1791		32097		3304
948		1791		32097		3304
949		1791		32097		3304
950		1791		32097		3304
951		1791		32097		3304
952		1791		32097		3304
953		1791		32097		3304
954		1791		32097		3304
955		1791		32097		3304
956		1791		32097		3304
957		1791		32097		3304
958		1791		32097		3304
959		1791		32097		3304
960		1791		32097		3304
961		1791		32097		3304
962		1791		32097		3304
963		1791		32097		3304
964		1791		32097		3304
965		1791		32097		3304
966		1791		32097		3304
967		1791		32097		3304
968		1791		32097		3304
969		1791		32097		3304
970		1791		32097		3304
971		1791		32097		3304
972		1791		32097		3304
973		1791		32097		3304
974		1791		32097		3304
975		1791		32097		3304
976		1791		32097		3304
977		1791		32097		3304
978		1791		32097		3304
979		1791		32097		3304
980		1791		32097		3304
981		1791		32097		3304
982		1791		32097		3304
983		1791		32097		3304
984		1791		32097		3304
985		1791		32097		3304
986		1791		32097		3304
987		1791		32097		3304
988		1791		32097		3304
989		1791		32097		3304
990		1791		32097		3304
991		1791		32097		3304
992		1791		32097		3304
993		1791		32097		3304
994		1791		32097		3304
995		1791		32097		3304
996		1791		32097		3304
997		1791		32097		3304
998		1791		32097		3304
999		1791		32097		3304
